69426861739753074710303356339304572991651931919804027359007883388298331353481
15018280654469957748921836216502208034598230796919624785120157864801305024810653094305440217055386333629987839434967354740482809301673303912686533409804335231886993568649715573322327863947392453821457198741936191937997753698722135981453456974931718831842660062538084102488197116674948365040808536821367973955818866214298446242476847086052490299274664049493435344291010619417281892073556140985586702916492770559845784661898210039061008937437645009176122911410640840866367205963957059975351052095148304434601745655631153510574253635620363416761637005753652895858501394015342392895692986913517221037119115713365083136879
18418725137674839128326093633055659165976897526300131410790139740279602025916269440322004360482886948537795792742722839456172886996499099696084324663828969042353677656035719660861663012350948440428298380120016325078288027211979187103579467691541816466950085870625735833495476031829503557446638931267016795032247752961404309867584621531504355316418913330803112017728045435606954598254186182274833875186406565729219166199892180516798450462145331057451730407367980598329610404038231213368995592354937826026547061994689566398124503308516295770452857500608634229429018316492172925450283953792008179798163695617710950504802
3339250036408499373208151770509774016865666371865171446221532111734072063947140117442154476203091960030178018917727799458083888333834585244894666665231502770612832485072684691299219293378075732220843248005763166884247731678959430768544719392183048012362109255153335980476336631880542404249430680140635565739296106064928266759932698475893378298623448709421446571136625442508991400143677571917994807672846524912039210737486728223924088531161689034631167875482970824462908899373122060858309000397341913483534395709593789342464107342469010854925265849308158847983250611856156046104648543776898628896666597089511083152268
10508773138831558715827710354998489339174680053834497238319466398288843861642084922220777704917931695516779378010805194620487072887238691207157209928034338997808281220952270778436553714289159640615967265698042379010651457951193924906831800195967196588627014682376717979536185195164503898250295444445622253370588612345833139400084844547990345372368225414598359617686409504087921827371217526640513464554431087714288909917053193365557772599107799913029484043742671160424703709846099464818101238883182085276298034818549343086830703505636725980269765543206410181829334524124070676559773806873942456415881980018465130244863
2218873778903091595854189031481539024067716770590138408454860142449318933820550010823299339177130418817853179166412033746139527898306058208495977170753730091432314269448307935205211875391703044513402958687366604223008939908883980655425078387039980345351945463392038345661394585892650874896601945993434771968820788362207265402683827637056173602872585436119391588244633811605528820274735928338383184729561656860933483601243921810030887604024110030493982250664419887291985485692136489467754439345380205787369119073434343138260409008201748426366518114392887521797709678613662035103071044269064667391295392706940566387515
9977296956431543916735228511383523627034588950502103499239470420850174820021376706999212067422872260641576295941616217384889485277173239347584196563292343677109733074364892385736593797864423757276671155610112137613086850769079148779444702581444131392623486901709791403594476326217668110473774356719928849829898413042656569459130331000444587359736012253707634965459501174061202777565348694131271363165563344633866931109980151214824615092645225901005229157828108309582294823841266938571304785259528808271222789051254897772958690042309287335555426036446262815856779674075602248779111996974949438645835297598337054492444
8565988038931506105708202798580509784409373236429884303529040311969923167330762585805872064135021083707365226014236086465991791458055376434101905641355142892100698980854654997283564611556113227915575341656378713080709502885124284221693216302561861418283372607986771241410246382241265602695809240474251799024901157295271174139042693109162188894069212085088110428273515064070258253959400033132826076445775709235651048025811460284314570223256101292227437826818495016347283743221042896577048377729215182539473802510042922424490964253097273051266132744272342152958895958388829268455778098722084921123600151828213452293335
1936144985835307591279528817104193659467573933292847954054019523747809426034586104998435160318962150830937369182260032724918785140257635832912962697300189903801339627969825370035212727025179013587920391489224332666702173893528400712396169945755719479889545080293370738221722731905282129950101694998190527686203261049483142992321734476461631350517412893049504297850894457416204418207248902102557658428533549410629913986254865123801693766364631318395042753402734836109027972836195906614774555291337368194300118839976568912005343935257026021578125838791776983307014359261530383884954948847845336230985863152537686111373
6901889640840303067829354881030595362691321076016829127871698684853163251189287022978107250848516505781262263988501353240335123895095915076466599116177027454070302492269819395419616306813859230123973750269320840166700886940632775650236043986247054011741945921396398714009725799115827180542477254906745954035847948719409538167900225807098001443283376608352798626303399597720825124552030151719576531403246439447038207070566615824259478300695854882985160525273015150890759252783534710222825831912812741577299525127122181111910051677409132880234880646258081089221914961010606904943286465702158255114321941372410575820667
233915607662109699897841220691505321868052245094138485823414983696687840058126606616990927385869426157299592809701829261538369743650978175046220353463419540179424573488963528591886649422715837665103299223582044283266928116838577179478357944006731834328018612414265433653427181698918276283269846826148036133960530412011770899978911346738434427292457462094629440393684015989983788147822846239420850904315220232453325553826728228608752645832155610366352161934147590116749685669482289712395183042439698526892423384550273719842355059357927307017108168862675043222741034089702555249504542344063966330542450824045582627619
11077014506151635716637588800377453112291442084883121182327112797980413360141566477502116540639202254429626963206206131029764515278438064733062097075064232879510100630535045374478647162592178021282107999256824968121370430648158158650576169605138353287015073985656646661934764259079452326557514057684181720377523375116631443290319695330540125276849912237797995152991217138622842681426189848871541743168557789272782831738580969727237388025022253241900680509726013728297546430892111957439897794679333557201239543657871493542297889711620384406831622417152021313101492366982763456460194649875955692301644665406763380475503
10420069648508354125601109711310469889960603535443510456797850359542701964653288793956562682781757821106137585158074128929741352977766169431055877551512896124509923664343376016829000045081774370516794300195730389743550042472502110026721579892859890841100253713376926767720239043354106544712510140347381376529078025313041039435386299583095986569461183874535783779811551575024140507499913749982488220769930205723410394924837554559799141516315957184953212592210513463546515233630949819376009446762766123969777561525762784012320469190039744869924239407315132714018391897808318822508315881559582732495630754898503103490433
18740414273144900814847213118175944776548453406059567310043388400838339247015824048811796177312734131178061420850962688375162141752833047618294469539519450601191986805173866882989686631049764784485002708269825703643547603668913862323356516867010573024924516476689792466757023718665934374495933783009819043915894718526748038147193332164798727154709794098465533322779555618767334139834341296682756438515385191401526669484381775996611826451824936242259812302010470493885143687870679367323917628555337152338978286488901109126595527483879777491808706254556737706330929310293687500266329193914984906862180768562062236481322
7079494621689502799165994504902942865031571606768205909542556966791623568605760389126948431313479560611711909791065559184849977824003224366910609676527561882865348703924748609210300052273810944382438032814636391679579042797697393820968327994262385663783057121709732047808619218561442180141527388401492560598412398904954091181703491080756472503457907659982574059086876366252504015911128468255861890850301562439467770662700638785231806659245014844679900918525847837385859386967890515267582899745823413507791005370015243411630323334317292770531242415344662380263119027611880220216657181675905921681915492519941498621086
14720133167069116338622078577240654897503087825577300637213861674031102608678292610798482482921252333274524646906407249978155356058501639991653836236458698799891539916002021035537669054928663615799195692684042007380063403561160592391181295878270567407081270661679013511339440148285425514831238965272621473169514783300610668874902377007442988961702095619345985718213605843457742274044577351788565998350942729554777047524068126531796731725021292376080275214536735686558062446152033007087880826268309482262119877257118858374954543570412834700026200821485427348939552840715098311886503620761035828578684620010920832512376
20664050344061614967961027663362181286537153114365472570309412547563843446111186500609446494193913793320095620787554964235203119770538262955461950882266139879074355333606037784994552363664950139127437344025273485168313081166953931186060136689585269625277687527343722960494119340159588398381890548936253816452577365428362877446891895754477148821210795995157534498346200615323189679887374051798033840069185402070035837483782254999013123564659745618900368511689729593671913389014292502576656295995351146243103565541842736731030790896825811584439767526799022205511586532016032569971120499457380447572411626290879982388596
14666397471597566706974659076982720093686363481374039208746268651908351513058478595100126909985590300906136349863931371480532754920337799450475623230970818070589737228296338741407309163311092188546770471681395846644330894064105920004096623380789329534508479961605389711342182933936225067155856238459747485777047110770153477283278990736256028464018232584413414645780910414039530338479939936554971128021288351377998572091686555167089264904105179118434391907717133160873707533764946993445178014980162248058453442874635268909746964045163374050577265285956689555332941627029616570331969978937556103069908032408897633286210
11658981175698622194581451392128554072058546092491916964413459651471872054664628429825800072051972066806284450665787892397461867625931060917035581655330733383826558129078450861828669078314725704095985176905375034199013547591771377757669118474283122820817232869344220257376660492089266759141077182726605359448558719758124846789121688526808056398585617431466799847868212308825441840794732178176459386204257920602064480551690963932530360257681912420746957928450544034957354040606217496763654531289759394720954002903104431082224864936766310741715178208930092809543698986733621657697816135369111960303761096988002814436237
18321673715840007893717502212043701870739831919465365295642657204884880717778290741484954672199607134328417866596217846811335074189223823779836639851914340442741180060312489600880214386619396803581363202939502143996058945779385691524501476576204115872378052081028491694342715526203631258034097823985445668200589147441438130540740454257015117018334385212847457731679705687038420715362621770775363973029183620209180780491638634148639677468335096306015108876632230940024523903109352684925471216082850454904006204046411206696815638708626291886836699064353272565461477992000700832467926145148257816664497737855568667425808
1661423767777131142075836157657839563661781385016093629320488147981945290914590673824811778933564307646512493485422172874337502640958169563181476260766693031777259939670550405263551031041147567662185585054249295325320105170211218589746469143325281402111353826705607785214308564172645419724322731937364948422629171055243634323187497678232308011407452844715081360094330614852685303219945289849399716305298079655269988529989317945227704517617494769693790795960071713610392750483936867758964395858044958265897979006027376896069848929908164928601753481617293366938302137290300187187676426788997010309923817834377976375724
9889231215204392249269698580219038782475826641217646598761353602932663044211249400879191895135963804362377657028187636386789231254018496157150099169067940266637182824215229089602804824950464955780087721513936927907855196269144876417900195620998196998115574108800275802417065621097311774890671154568447395261320160904753825096220914295133030793397436149892056441910853743035459823622160260666901168261985435907443357549230591046770582073773215636961846788782729593724108905259335328302113092670985676232578557868891054872970458165190789975442224484277817372831218799584400061968301811650837227921604917521488808369526
3623906830848837138957141407144993268956977563067075265121899352039529377786022083472810873716753651576311325568745616350085121209396757761540788233373158944948846154239651236770175756380511592723872867276946462457666443653748616532276654648210057839159113283173524102979780896504124843519636939061115258865169657263722966907379921223940479172495827722988158494658375475200605934114350383455391527653546444486784290767197362772147811646285954671952703247159863409071395069343567323719647376694907461735470850099442838673322805625255217222256575531786199026445647095515237782569957679164185296951174501850398823464388
20537206859842065012542718136449350885487345900636952726515665870221718505306374767671865383564462639053520861329377897902401138586656569396320936522748020970530003251312905545147238587571674174290863802470762364330416179924938464414254305360292367959140837890488144202626770938685498598257566933710565883237471839180504159309431381092316859417113158264888523274195950653575875752035950342803452481596133399774985748087914940608003289791934166382016418877348194106370461626770274844649769871402087059191368927200204407933934393884056336833488129488449197061917354164887794657995023416397760575734277636085970651892195
14000906935812176346917145437761279307277042393029414314515083031620027616622897912599019153174977366495069897053380584720669885607730674053037337764689299675385666633387599661262193323891075474051767600947599260833227799049530051842069338442666082256029279036692564762855359217440637407298199765055045501234488513819084728431006218072535235494547015255485033341613716319966468688579326140151393322245192199034931532005573219342367610039481518592845075239230378590973987613480641066353871607940630368371836830271330567222311905683316979180078146337077504549509504779197520051716122712984997215986936093704229617210643
3953874742491756722266824456363917580978262026330461821925092554725889550236585415231316201141431297839412628884306375984263074533895475638130456713290708596012494368570343692379102693804571451870797742403407827449730856022810406193540004303792576235774474982336090817127218059907846567825874228911612217048392651460182682692013244348404478475989691206558444854387772035345785863917366617358543715498548344965562074584283549420440202346721862063422727768377277359966208686880704280876310362125264393105364480134782121818973782467684837532283518421075513895582800651000548602118422223374674632298551227397949815791217
14996320545044825579669421193757698754904729837975261089960657458222165268212028249551414809202369524103394671738087481699705249072441066982090410930635695408548303912482360870961137214388777155327148676089992689173175665968358545303620121191856559755015469202478479690910556003262853637414992942934160079817265454919522445250904057999821303351990204519578323161817573051842389122774405219108668662398148043681905146930386795333128194484004384407064150600873604027844636172857296054354918986856732594031264347100917569791854463487522384541285748762306712376727320344189698480840607106221506340753474057179033225130279