18097782781797708260595247850357986898362508853606192260928369631814866929684
7698110238482044490456269051407273565507471610850404456408147415709785170449535440139490873432301087460614554870710028777474995307058930310720400285262453060527806753941252261540727996838046071584756445303804809128202882592753480728006718396775616421443144245881395278812832320454605431171920785801367120971896843155572437146282752918498418421606923300132948263457382851842189079142170660583745402430666848171522662555843730434340705423080452839729308875254265394169638787008311146164557038994502874240194549875699734239890898179938938963091635466584493386499324868748688569133182139740253642330137035217240930790739
20727755936724535941269719551466162096630843839211552998977022235896555308225349963829508566043378751576867952898038750231472541625268515646150420331213814788608917676162988077145719822271203534881605873102551216180363263806429489922636903838933956732243467153366583766844221514889576473978998408403679438739982873455817904490221205380466499332240054912165268795282728515263789874136888173159566434884632821724957470164003378992576951692027765605241618427275727441586695156617860144705549519595519477250767719202324054552302974842181882587827720883155071957243743800531715279689335974350992550756334979513636250914668
10411397531987979211151428765224789302790878133826091904007702370877667244743038033005154730676899197758166632093289431176888772118921039033175833694357111032743227056931057926489153575161300431109914326165010564723074333913240334647252665590821496192917434047906159662428711411587938134770152711367110250769320517515593647761093048905766543986845640000597292637058963068484616360378784025983710729936910351286555425702605932215951662213936199724431862364252043189374298945587417736195031121586323547780592818147056774300482717768129382140525324325066130938084526816978544695046556731655235443987528515515447045503616
15599979324996635810774740411600330977366973886470369594881818331170380927318269755425576145663742483836276993265751446419916631734256808798940188912257350708159632500522486218357231082406516745307890503401806596734312725486467849035036139098927192547054966864475273850497566169919083989104767096446616986438611942998855203125607412231856035805858405522058199035980448306864224832382850984021156124093733099936078266125019513913907363996489238065638497183255572949524033676680083458156419144834070005486971470216027558031181203861895487133507890782133042817426653459066206398962256432388393726444757167560893175171677
22143670069279888812608359659983283312426803287172709543497521148041138072679788530981254970290178625071368405441204130828314366782226340510012317030847144714142127309229455119264084489924899130658847041586297011009419435131672034313508858935688292605540000426246075531090894746262649785879327580358784714663944213371495991575018889764546629729323146866130815032297608681911359060483536723860973478153213201182974689516283303472705654119473219281173456436449059540439357404814109200587416608492859469124964989958871494389820432529414095294901277448262986602328142739143334505016305500228611416857834739363549006791584
4093528838424232077436041407947944618907367538230921874512941065696279007599652236931465971962761887897886089881553923949399886422431590535654860748930032056466261607653329242151996133425183022429250505642062406704193543072079754561341585583582265224316008440383866030106676990149838106941942848295271397289213021550688375633666834506174779795968290229727179826191499348126654488606385058299049606093563358781436139775407944087234385229263033521085175056659563867895426945796496546205587046154641188620185437271234655290344944368654086323288112798536506919150864131508223731334450914182180887688424556776302123541990
12878195427099917408605867437709032416550727990698421945937146094276628371556233132136401022129825593380154786148328188975087474967218469344350145240032541088316541494194566709928725789513266895788052304592554780609581432536503092222704257339808016640935194922144259458679859210655010914302735798440884421417733517321355547583004620279161744154680609647306171718838405493793123739189573622024807716429618649616851994735396804293493826872894882071052299699582473701579220498893495885218186295185489734185509771179704723149880524097586355759346427566866375641021230410673123843600189181612459871183922527571076257893192
16184405963211917475356260174528745925236748610234016088415575188932116722874786527460787277017565912924649235302766898627717896658241548827382619393806382780910435503207101361295618546789922384059187187266424487576160398453470453389545472881964159653934967536551181384524017249169513000251542417481707027464463474610961292157392445647787990356630960310265055780733328457411984427717509653106594676778924667970950727432328251113527169163103613901513096356211532356743189053338018515360026248953560235628715957724531113138709864650537976329304315690296882392673225718690044970708737715172233725403808382901533740358903
16846287683402439106687941084492367256326169982905876114742717625084891806350508263606156671795579790539433617072435212856318682089177179539693602630996286717338190776317301847461279272862236399612699261862260197757892281328462295436065302566673728090650507176291813058431169413441722370790316609764193047965562191642436710825459682353067491942608918807705759112018639760267664867486910076856419944492816387676751536060720393080185566012741434410818460901288761323973162103987303131091523451446129597627294725998020900679704447049833537155897735533934374393734036743790324586386217549282432789200561672872367698256688
8125660623352954143015849583360620040896584424775455972629058815864322934315015793742642625827011341284596766830887179943120253966009330138532603900075728051109195844699775127084254894864405767361582047931733902049728566437639825557450777481314792814160737821568931741498172531801398951915458574525956103892530111804045499170063568756712424469464745922501298973484608417506871841925028934598044124281868247647955358625966308027328118570963683661854818494134756597478414207029154391542883169037751790407522744322807760704340650158507907606535163519873266210593729159658321605626324676788553059795232172232533348641740
19637232900787438290997792588180600520929574532092708728844153746810077774151818425398667400407947282741072877989153570555207184669352435208174431568677559014841555096364602540679328735587179708859663380714990911189389757974840299774747552486442512806550171110566800152040650437746328930011009415731858621318786485279836302920412140902839526212138769749676623671247252442971395289347818782406304113926523731774594080280954333396580619794467706567107973923524386659261191816913069775350147711555774509369175175345307416163578707028969139132514140547422676844069425100527849367216886093787638696498364081593682526316403
14538175118586322429511626716149742939711799800652874757618767200954849431253615957591328535020579077139917735418553167261405481273689339948986475582020737396958392934587207591279384330416188357046694337499022818700519121567489683322133915552662175771823361270508288706011144020902036678502795056752990335577346286893567682153449401577199515254775582811481940062073967856351680047844445327470670468924526652600330603384856828068489839404948211658402165290215515046915542918595326172559073871681644400970222211268141949875157043070617757914168691079675201677350781855531720189559877820360927037034104581315982367298027