57296476218070976726956812064964082893114978659199164036128257139160486737889
13693420173387449708095077560334130489161379394015963492075100900117099436208295029270562937732456722566279601264275661727157634026112923848363073122776530123732194553244880832640244122807049681027125411078821267200102049832173774500737119441703393578634060978372312767393166639836848647659555903508370427458678644516935221841806174795114453431251145090402584316073315006612710937477598959663142029455525341458491262782405836846627288335095972514943891305162280242528816578577106096586401756701189486911931607061186136317741118556290111930577812482158811858129653861651268146493874735857375196099235703370959866367665
7193644544263661912512769930353281272445885228772429471077820972623777240501054650608864517164534262635616751256793081527116414157372631370440833656003779863017179688886802041004722726775188810198724687290487681892291390321386246823361319221647075272213610286211321656381768952730639860731801669091740410624114539634526975647500376027515714306381325823398435004099892972000527179467496377255351971369338719358041809628115004537988167522954657334274586641099378852903929075628084754504662084678982710980300145312297422065454047967687935211187958538129174020683709576748560401021504117384043219883957743894218107655194
18134403944737940030238117662941113763911740473064421900464455419386623067317808365822936574021317351455555472754654857124782876873947437115667500745450805834012157381191399244982806822144472234009556283429972380821020176200129119688484000531775385853243282651448920390259070401875614365498420193649802550156446464011080576470559723986776713858943775470370453838801428637383038992787517119827979231765349592433259554780216568109495703041586795656658650212815067531471274828069739827380450163055910516925091733778588070016736528128227594643075715937523711102600715172563028485901641973575862255762494596576222907313469
148375691565592471371986687469206157231486944720137458646974021017456598390034321819257023239507395216420148136807557133540177160924346143924449586010652696913218959418630982532452405954696709722394202299392696236636837611806516676529070983984407053441838358621393838724552288357156613833050179859567846424147114999677074256757586649840476306158749783764851246404952924577239820659248413380441351925146288648451335315428977094046318269290104826136661719238221650401218163451152988549448938574932996471097296211840954290345059273157284066498730640347672068518907587683149911954190055996579405699583807583573077581063
2871003828130644109353972603691799801518489891219486599202437718438606933443243709334929476166699022263327859544904244285329154958274868743850816552153013547909593124000593168193036338466345374409648172626827574728470726561991694207784783004561336901920215879681659454327149646806429637271776497759589151194915088392122281414718073909555025913513044437760879056574576859256808171891794764086069382439155739576279371608314121914062396089078299548942414601222050090969906982725283582254860807065864223462770523255199773670752007693497177827519120586162102191495483436356800284101738081577348204261983607710231352867079
2105663023668037611000123736309367475442706942640779075057945412078584849750666502702554656852038513264911619427248143124573920003478427339555158130986243500546362016000083077193744911490045886492190478580349612967193208705082619387513651978192572485088908699695362743314987623057456239189832456945886753898390755309850963295253490085826022148738245198757409388973569268792804189865541145752275247803685046874509172026818537096439089736760563077774595316450130858796579710137574793551589056136883432782416457784076980315172804512949912529421450014537727119452127302734489985057488853462981486074183277822587175148172
4098274542849565362668555710745897151749735042442918605939819344543193558833615018713000118239996411551539516760045247325298465050877050241633762968918533375725402590099841783100261924762326289016908071205070662323568225857496211231989760910682141212206600250414957995447864704652640707361694019267025583308245888727632163447654243762996944604496264220674068370522376081932989960674687561576854497149520247232374197020498914022999536812467514302462803184148311480282971854175672516514532993302086922859792713817843726831196621913848708947603614415234115747734319193371983340244359659887514074561771786160884584333839
18143106909900488765425381516020485557708346042088198850065581563064764541747277633676370138586248164707787186874252150687531469111773476064544116620845689800458656488005269471821290040453805611923172959760648611316306232867546118466958986497841736074493511597666594298160810265488668377106345078361896632005150344948440736698673130637656904551269836680820585402813497925305563810811530042984035258066832079001802508234488138465634900373278342820180013465379682157467074558090848209405233895263009864426039808275612745842219006521111395597294862325915464411123016611039377744590460954053234057411320584264897723226203
21344597091420694040252246453706349969278474047253300806683862801294863890395662423949261067519900668351572285873788120033746654143906283270435270068418885209371920190509786704072696524645185559915246021491125444596502876435576890536447810347977868154262532746916241272045070674832686389625337966473085031017109612078867921953303140978488303326645240638344533733386521560847282429802963577660402271027523236351756533798494512657619547532618661149474801652639327238963741454058335069665422216771179893488589314307064246585268236278081265874164915191509340842678284969139508448556664611509099718202898065484068248275747
10742670893103876176894790213099988023482563271847424345119093009842684938287613000582602877340262408340811197453160206494032023347882756697794039162418531758777477514064865583212892976539377140725353917692785819445958935604964032391491014257656693161780103722149134424430517773337587205450884237641451525688281220819359435211344262684241114972791241041993807978070396918327373074535663794227116076297424696533470456778074825382111918151957368640374661665960792727359289985026975290538974744050579004909526252900816153596930704021407899885123786690530669985497639381693303753134554937574566838265193223280645129087153